00969
00111
00994
00907
00575
00379
00559
00329
00115
00606
00550
00370
00737
00444
00837
00570
00691
00505
00399
00638
00660
00657
00875
00977
00594
00255
00083
00064
00974
00565
00512
00197
00623
00119
00354
00319
00180
00635
00543
00266
00146
00513
00034
00567
00366
00750
00898
00879
00014
00286
00544
00509
00805
00620
00957
00877
00123
00699
00492
00155
00964
00472
00705
00144
00033
00076
00679
00724
00961
00722
00676
00256
00773
00160
00416
00499
00184
00322
00545
00336
00663
00391
00460
00023
00648
00220
00940
00581
00136
00359
00190
00709
00878
00433
00971
00999
00497
00938
00685
00317
00665
00263
00404
00533
00619
00371
00873
00378
00838
00790
00294
00495
00951
00514
00530
00025
00464
00167
00320
00634
00639
00749
00636
00646
00161
00728
00368
00436
00739
00520
00993
00950
00039
00479
00070
00631
00962
00414
00588
00929
00323
00080
00397
00022
00771
00270
00409
00852
00612
00300
00188
00038
00766
00051
00216
00090
00614
00228
00110
00882
00415
00438
00420
00274
00608
00851
00465
00587
00827
00069
00741
00394
00782
00982
00071
00132
00864
00761
00458
00627
00975
00870
00616
00007
00640
00127
00585
00828
00427
00632
00129
00818
00756
00812
00088
00775
00810
00747
00226
00776
00130
00451
00192
00118
00983
00485
00912
00227
00103
00970
00482
00134
00976
00604
00868
00027
00428
00536
00462
00311
00672
00732
00804
00692
00700
00154
00610
00327
00214
00058
00703
00125
00424
00954
00045
00901
00245
00884
00037
00056
00629
00526
00824
00789
00651
00120
00253
00762
00987
00768
00656
00231
00546
00364
00276
00615
00524
00666
00601
00801
00199
00554
00542
00411
00013
00194
00406
00527
00455
00198
00826
00560
00177
00176
00434
00093
00684
00763
00174
00857
00769
00669
00142
00659
00869
00473
00784
00889
00906
00490
00973
00932
00062
00803
00149
00200
00555
00899
00408
00955
00557
00917
00360
00251
00742
00169
00493
00321
00886
00959
00558
00122
00107
00985
00796
00222
00202
00230
00655
00494
00874
00487
00344
00576
00006
00984
00716
00094
00949
00259
00909
00195
00410
00429
00148
00109
00908
00390
00279
00223
00386
00522
00247
00009
00395
00547
00203
00504
00048
00613
00019
00480
00385
00849
00476
00981
00833
00670
00911
00078
00456
00600
00086
00664
00990
00173
00843
00778
00210
00621
00028
00502
00569
00515
00348
00603
00315
00151
00369
00891
00978
00523
00128
00853
00298
00254
00885
00209
00139
00421
00162
00847
00229
00082
00020
00066
00172
00061
00081
00079
00658
00998
00905
00820
00471
00644
00967
00017
00518
00283
00936
00206
00213
00459
00330
00754
00498
00893
00624
00579
00422
00135
00063
00453
00189
00772
00207
00808
00052
00314
00193
00133
00313
00662
00948
00516
00232
00243
00065
00941
00440
00652
00861
00012
00887
00797
00430
00092
00008
00106
00445
00607
00628
00432
00185
00264
00377
00914
00044
00609
00668
00711
00876
00234
00163
00275
00290
00839
00431
00105
00710
00933
00748
00067
00900
00186
00538
00507
00584
00175
00718
00042
00578
00463
00068
00786
00746
00693
00649
00859
00855
00015
00481
00003
00785
00871
00236
00688
00347
00767
00324
00883
00376
00881
00858
00306
00541
00002
00765
00919
00293
00454
00591
00925
00586
00735
00031
00537
00510
00469
00089
00738
00077
00467
00844
00744
00272
00800
00850
00916
00443
00552
00802
00943
00913
00249
00001
00102
00501
00316
00860
00736
00589
00342
00715
00373
00811
00267
00403
00819
00783
00050
00727
00250
00478
00729
00244
00292
00922
00100
00212
00678
00931
00339
00140
00147
00308
00288
00677
00158
00702
00388
00511
00667
00866
00918
00337
00517
00831
00939
00996
00491
00734
00442
00341
00357
00556
00915
00426
00675
00448
00795
00021
00935
00099
00029
00325
00946
00405
00277
00563
00593
00218
00484
00435
00074
00166
00643
00572
00770
00752
00924
00599
00707
00508
00439
00307
00894
00447
00958
00331
00367
00138
00926
00291
00822
00361
00863
00854
00496
00281
00683
00740
00592
00449
00333
00633
00117
00356
00890
00920
00764
00532
00807
00598
00743
00845
00157
00817
00694
00262
00040
00351
00041
00024
00407
00721
00548
00073
00295
00856
00779
00653
00450
00995
00305
00084
00156
00726
00126
00561
00375
00841
00318
00237
00437
00101
00032
00299
00392
00030
00273
00960
00753
00862
00211
00296
00814
00529
00535
00830
00661
00204
00225
00892
00170
00418
00097
00963
00997
00282
00461
00260
00574
00791
00867
00733
00540
00897
00823
00343
00168
00483
00124
00271
00121
00196
00382
00060
00821
00719
00235
00503
00141
00934
00798
00553
00531
00285
00412
00096
00717
00945
00242
00902
00701
00423
00712
00326
00278
00417
00413
00848
00618
00016
00098
00057
00085
00352
00171
00966
00896
00637
00895
00468
00187
00043
00284
00441
00026
00303
00630
00596
00816
00671
00191
00539
00840
00991
00355
00145
00758
00952
00566
00475
00302
00402
00755
00384
00152
00528
00521
00992
00687
00181
00888
00047
00049
00696
00813
00297
00289
00723
00611
00252
00350
00834
00374
00534
00910
