0 0.7971354166666667 0.4393518518518519 0.025520833333333333 0.03981481481481482
0 0.6455729166666666 0.43472222222222223 0.009895833333333333 0.01388888888888889
0 0.7643229166666666 0.4398148148148148 0.021354166666666667 0.037037037037037035
0 0.68515625 0.4351851851851852 0.0140625 0.02592592592592593
0 0.44765625 0.45972222222222225 0.025520833333333333 0.04351851851851852
0 0.46432291666666664 0.4564814814814815 0.008854166666666666 0.031481481481481485
0 0.4979166666666667 0.4430555555555556 0.00625 0.015740740740740743
0 0.47682291666666665 0.45 0.01614583333333333 0.024074074074074074
0 0.6377604166666666 0.4351851851851852 0.0046875 0.014814814814814815
0 0.6666666666666666 0.4356481481481482 0.010416666666666666 0.02314814814814815
0 0.7098958333333333 0.4361111111111111 0.015625 0.022222222222222223
