0 0.5736979166666667 0.4527777777777778 0.0296875 0.04814814814814815
0 0.475 0.4444444444444445 0.017708333333333333 0.03333333333333333
0 0.5135416666666667 0.44722222222222224 0.025 0.044444444444444446
0 0.4388020833333333 0.4398148148148148 0.0140625 0.020370370370370372
0 0.42578125 0.4398148148148148 0.0078125 0.020370370370370372
0 0.0234375 0.4703703703703704 0.0375 0.06851851851851852
0 0.09583333333333333 0.46296296296296297 0.03333333333333333 0.053703703703703705
0 0.7919270833333333 0.47685185185185186 0.06197916666666667 0.0962962962962963
0 0.1578125 0.45231481481481484 0.021875 0.030555555555555558
0 0.17604166666666665 0.44907407407407407 0.011458333333333333 0.02777777777777778
0 0.97890625 0.487962962962963 0.03697916666666667 0.1462962962962963
