1 0.5276041666666667 0.39537037037037037 0.015625 0.03518518518518519
0 0.2734375 0.40185185185185185 0.01875 0.05555555555555556
0 0.17578125 0.4 0.0171875 0.05
0 0.5309895833333333 0.3717592592592593 0.008854166666666666 0.058333333333333334
1 0.4317708333333333 0.3819444444444445 0.03333333333333333 0.08796296296296297
0 0.55 0.37222222222222223 0.0125 0.06481481481481481
0 0.5161458333333333 0.3726851851851852 0.011458333333333333 0.05648148148148149
0 0.56875 0.36388888888888893 0.011458333333333333 0.08148148148148149
1 0.3567708333333333 0.38703703703703707 0.025 0.0462962962962963
1 0.5026041666666666 0.39166666666666666 0.007291666666666667 0.02777777777777778
0 0.5005208333333333 0.37222222222222223 0.010416666666666666 0.04814814814814815
