0 0.7111979166666667 0.42638888888888893 0.0328125 0.05648148148148149
0 0.33229166666666665 0.4287037037037037 0.03333333333333333 0.04814814814814815
0 0.67890625 0.4222222222222222 0.0265625 0.05185185185185186
0 0.36744791666666665 0.42314814814814816 0.025520833333333333 0.044444444444444446
0 0.7580729166666667 0.4328703703703704 0.04010416666666666 0.0638888888888889
0 0.8403645833333333 0.44953703703703707 0.0609375 0.08055555555555556
0 0.9791666666666666 0.47361111111111115 0.040625 0.12314814814814816
0 0.18177083333333333 0.4527777777777778 0.06041666666666667 0.07592592592592592
0 0.27708333333333335 0.43703703703703706 0.042708333333333334 0.05555555555555556
0 0.018489583333333334 0.4810185185185185 0.03697916666666667 0.11574074074074074
