0 0.5502604166666667 0.4314814814814815 0.025520833333333333 0.03888888888888889
0 0.50234375 0.4287037037037037 0.021354166666666667 0.037037037037037035
0 0.061197916666666664 0.4101851851851852 0.034895833333333334 0.040740740740740744
0 0.3888020833333333 0.41250000000000003 0.0140625 0.026851851851851852
0 0.36223958333333334 0.41203703703703703 0.011979166666666666 0.024074074074074074
0 0.01328125 0.4226851851851852 0.024479166666666666 0.05648148148148149
0 0.425 0.41944444444444445 0.015625 0.020370370370370372
0 0.5247395833333334 0.44212962962962965 0.0203125 0.02314814814814815
0 0.11145833333333333 0.40324074074074073 0.0125 0.019444444444444445
0 0.33151041666666664 0.4101851851851852 0.0109375 0.022222222222222223
