0 0.71640625 0.41805555555555557 0.021354166666666667 0.04722222222222222
0 0.76484375 0.4175925925925926 0.019270833333333334 0.04259259259259259
0 0.38828125 0.4425925925925926 0.05364583333333333 0.08703703703703704
0 0.6497395833333334 0.41944444444444445 0.025520833333333333 0.06481481481481481
0 0.33151041666666664 0.4134259259259259 0.025520833333333333 0.03981481481481482
0 0.8942708333333333 0.3893518518518519 0.010416666666666666 0.025
0 0.5486979166666667 0.42824074074074076 0.0359375 0.06944444444444445
0 0.5018229166666667 0.41481481481481486 0.0203125 0.037037037037037035
0 0.19947916666666665 0.42129629629629634 0.0375 0.0462962962962963
0 0.9393229166666667 0.3875 0.0140625 0.025
