0 0.9828125 0.4462962962962963 0.03125 0.08333333333333334
0 0.5294270833333333 0.4226851851851852 0.013020833333333334 0.019444444444444445
0 0.47734375 0.4300925925925926 0.0171875 0.032407407407407406
0 0.5385416666666667 0.42314814814814816 0.00625 0.020370370370370372
0 0.72578125 0.41805555555555557 0.0067708333333333336 0.019444444444444445
0 0.4401041666666667 0.4361111111111111 0.022916666666666665 0.037037037037037035
0 0.5026041666666666 0.42638888888888893 0.014583333333333334 0.026851851851851852
0 0.7356770833333334 0.4175925925925926 0.013020833333333334 0.018518518518518517
0 0.24401041666666667 0.46574074074074073 0.05260416666666667 0.08333333333333334
0 0.76015625 0.42083333333333334 0.0171875 0.026851851851851852
0 0.7846354166666667 0.4236111111111111 0.021354166666666667 0.03425925925925926
0 0.81875 0.42638888888888893 0.028125 0.036111111111111115
0 0.9213541666666667 0.4398148148148148 0.046875 0.06296296296296297
0 0.3307291666666667 0.4527777777777778 0.03958333333333333 0.05925925925925926
