0 0.3458333333333333 0.4310185185185185 0.040625 0.05092592592592593
0 0.23307291666666666 0.437962962962963 0.05572916666666666 0.06666666666666667
0 0.8312499999999999 0.4476851851851852 0.03958333333333333 0.062037037037037036
0 0.9640624999999999 0.4828703703703704 0.07083333333333333 0.10648148148148148
0 0.8820312499999999 0.45972222222222225 0.059895833333333336 0.0712962962962963
0 0.41119791666666666 0.42592592592592593 0.03177083333333333 0.04259259259259259
0 0.4890625 0.41620370370370374 0.015625 0.03425925925925926
0 0.45286458333333335 0.4226851851851852 0.0234375 0.04166666666666667
0 0.5098958333333333 0.41481481481481486 0.016666666666666666 0.03333333333333333
0 0.7994791666666666 0.4393518518518519 0.028125 0.05092592592592593
