0 0.49374999999999997 0.4365740740740741 0.03125 0.049074074074074076
0 0.5536458333333333 0.4138888888888889 0.021875 0.020370370370370372
0 0.5830729166666666 0.41481481481481486 0.03177083333333333 0.024074074074074074
0 0.45468749999999997 0.4375 0.03854166666666667 0.05648148148148149
0 0.8151041666666666 0.4101851851851852 0.0125 0.018518518518518517
0 0.9125 0.4217592592592593 0.026041666666666668 0.036111111111111115
0 0.6111979166666667 0.41064814814814815 0.015104166666666667 0.019444444444444445
0 0.8734375 0.41203703703703703 0.021875 0.022222222222222223
0 0.84453125 0.41250000000000003 0.019270833333333334 0.025
0 0.803125 0.40925925925925927 0.007291666666666667 0.018518518518518517
