0 0.54609375 0.3680555555555556 0.009895833333333333 0.049074074074074076
0 0.4830729166666667 0.37777777777777777 0.027604166666666666 0.07037037037037037
1 0.43776041666666665 0.3712962962962963 0.018229166666666668 0.08148148148148149
0 0.5645833333333333 0.35879629629629634 0.011458333333333333 0.08055555555555556
1 0.58203125 0.38333333333333336 0.009895833333333333 0.03333333333333333
1 0.5947916666666666 0.3851851851851852 0.009375 0.02777777777777778
1 0.35572916666666665 0.3740740740740741 0.014583333333333334 0.0462962962962963
0 0.27447916666666666 0.3893518518518519 0.016666666666666666 0.049074074074074076
0 0.18984375 0.3851851851851852 0.018229166666666668 0.05555555555555556
0 0.5153645833333333 0.3685185185185185 0.0078125 0.05
1 0.41640625 0.3712962962962963 0.022395833333333334 0.08518518518518518
0 0.5317708333333333 0.3601851851851852 0.009375 0.031481481481481485
1 0.3091145833333333 0.39861111111111114 0.0234375 0.05462962962962963
0 0.503125 0.3680555555555556 0.007291666666666667 0.03981481481481482
1 0.5252604166666667 0.3819444444444445 0.0109375 0.032407407407407406
