0 0.6041666666666666 0.44351851851851853 0.011458333333333333 0.016666666666666666
0 0.43124999999999997 0.45092592592592595 0.00625 0.018518518518518517
0 0.5947916666666666 0.4425925925925926 0.00625 0.016666666666666666
0 0.3859375 0.45833333333333337 0.017708333333333333 0.02962962962962963
0 0.4044270833333333 0.45555555555555555 0.0140625 0.02777777777777778
0 0.6528645833333333 0.44907407407407407 0.0171875 0.02962962962962963
0 0.6296875 0.4467592592592593 0.0125 0.025
0 0.8333333333333334 0.45787037037037037 0.040625 0.062037037037037036
0 0.7747395833333334 0.45555555555555555 0.03177083333333333 0.044444444444444446
0 0.42213541666666665 0.45231481481481484 0.011979166666666666 0.017592592592592594
0 0.22526041666666666 0.49074074074074076 0.0515625 0.07962962962962963
0 0.6854166666666667 0.4481481481481482 0.019791666666666666 0.031481481481481485
0 0.28541666666666665 0.47962962962962963 0.03854166666666667 0.061111111111111116
0 0.36171875 0.4620370370370371 0.0234375 0.03888888888888889
