0 0.5880208333333333 0.39675925925925926 0.014583333333333334 0.0787037037037037
0 0.6729166666666666 0.4064814814814815 0.0125 0.06851851851851852
0 0.26536458333333335 0.3592592592592593 0.01614583333333333 0.0962962962962963
0 0.4283854166666667 0.37824074074074077 0.0109375 0.08240740740740742
0 0.43984375 0.3791666666666667 0.0140625 0.08796296296296297
0 0.40963541666666664 0.3856481481481482 0.0046875 0.012037037037037037
0 0.35963541666666665 0.3791666666666667 0.005729166666666666 0.012037037037037037
0 0.7177083333333333 0.41111111111111115 0.016666666666666666 0.07777777777777778
0 0.5575520833333333 0.39490740740740743 0.011979166666666666 0.06759259259259259
0 0.2786458333333333 0.3601851851851852 0.011458333333333333 0.08518518518518518
