0 0.9653645833333333 0.437962962962963 0.030729166666666665 0.037037037037037035
0 0.9247395833333333 0.43333333333333335 0.015104166666666667 0.02962962962962963
0 0.9111979166666666 0.4273148148148148 0.015104166666666667 0.017592592592592594
0 0.6174479166666667 0.4277777777777778 0.018229166666666668 0.03333333333333333
0 0.4317708333333333 0.44027777777777777 0.03229166666666666 0.05277777777777778
0 0.5796875 0.4310185185185185 0.020833333333333332 0.030555555555555558
0 0.9411458333333333 0.43472222222222223 0.01875 0.032407407407407406
0 0.68828125 0.4222222222222222 0.008854166666666666 0.018518518518518517
0 0.6776041666666667 0.4217592592592593 0.0125 0.019444444444444445
0 0.6455729166666666 0.42592592592592593 0.015104166666666667 0.02962962962962963
0 0.4875 0.4388888888888889 0.027083333333333334 0.04259259259259259
0 0.9026041666666667 0.42592592592592593 0.004166666666666667 0.020370370370370372
