0 0.2981770833333333 0.40740740740740744 0.013020833333333334 0.022222222222222223
0 0.503125 0.4087962962962963 0.0125 0.017592592592592594
0 0.5244791666666666 0.41805555555555557 0.013541666666666667 0.036111111111111115
0 0.23046875 0.41620370370370374 0.025520833333333333 0.05277777777777778
0 0.571875 0.4189814814814815 0.019791666666666666 0.03981481481481482
0 0.6497395833333334 0.4328703703703704 0.033854166666666664 0.062037037037037036
0 0.7075520833333333 0.44027777777777777 0.044270833333333336 0.06944444444444445
0 0.309375 0.40555555555555556 0.009375 0.02592592592592593
0 0.016666666666666666 0.45462962962962966 0.03333333333333333 0.09814814814814815
0 0.17526041666666667 0.42083333333333334 0.0359375 0.049074074074074076
0 0.2640625 0.41620370370370374 0.019791666666666666 0.049074074074074076
0 0.5447916666666667 0.41712962962962963 0.017708333333333333 0.04166666666666667
