0 0.25 0.3597222222222222 0.010416666666666666 0.062037037037037036
0 0.2755208333333333 0.362962962962963 0.011458333333333333 0.05555555555555556
0 0.5528645833333333 0.3773148148148148 0.0109375 0.06944444444444445
0 0.57890625 0.3763888888888889 0.013020833333333334 0.075
1 0.6356770833333333 0.38981481481481484 0.0203125 0.06296296296296297
0 0.21041666666666667 0.3925925925925926 0.0125 0.031481481481481485
0 0.28619791666666666 0.36712962962962964 0.0078125 0.04722222222222222
1 0.24713541666666666 0.37824074074074077 0.0265625 0.07314814814814816
1 0.3442708333333333 0.38842592592592595 0.015625 0.04166666666666667
0 0.1734375 0.3925925925925926 0.011458333333333333 0.031481481481481485
1 0.5036458333333333 0.39212962962962966 0.013541666666666667 0.036111111111111115
1 0.62578125 0.38981481481481484 0.022395833333333334 0.06296296296296297
0 0.13463541666666667 0.3740740740740741 0.01614583333333333 0.07962962962962963
0 0.5950520833333334 0.37083333333333335 0.0171875 0.08796296296296297
0 0.26328125 0.3615740740740741 0.011979166666666666 0.058333333333333334
0 0.23151041666666666 0.3388888888888889 0.0203125 0.10185185185185186
1 0.5427083333333333 0.3893518518518519 0.015625 0.05092592592592593
0 0.5638020833333334 0.3763888888888889 0.0109375 0.06944444444444445
0 0.0546875 0.37083333333333335 0.020833333333333332 0.09722222222222222
0 0.19036458333333334 0.3768518518518519 0.0140625 0.06666666666666667
1 0.5270833333333333 0.38796296296296295 0.014583333333333334 0.04814814814814815
0 0.6135416666666667 0.35694444444444445 0.01875 0.1212962962962963
1 0.31666666666666665 0.3856481481481482 0.016666666666666666 0.049074074074074076
