0 0.031510416666666666 0.3231481481481482 0.06302083333333333 0.2351851851851852
1 0.35520833333333335 0.42824074074074076 0.03958333333333333 0.1287037037037037
1 0.9234375 0.4342592592592593 0.05 0.13333333333333333
0 0.11562499999999999 0.3472222222222222 0.051041666666666666 0.17962962962962964
0 0.2015625 0.3787037037037037 0.030208333333333334 0.10925925925925926
1 0.34453125 0.4291666666666667 0.0328125 0.09351851851851853
0 0.7721354166666666 0.4041666666666667 0.027604166666666666 0.13425925925925927
0 0.8388020833333333 0.40185185185185185 0.034895833333333334 0.15925925925925927
1 0.69921875 0.4337962962962963 0.030729166666666665 0.0787037037037037
0 0.9309895833333334 0.39305555555555555 0.04010416666666666 0.18425925925925926
1 0.25494791666666666 0.40231481481481485 0.09947916666666666 0.2972222222222222
0 0.16666666666666666 0.3648148148148148 0.042708333333333334 0.1425925925925926
