0 0.08072916666666667 0.3875 0.022916666666666665 0.06574074074074074
0 0.45338541666666665 0.37083333333333335 0.0078125 0.06018518518518519
0 0.18307291666666667 0.38796296296296295 0.022395833333333334 0.05740740740740741
1 0.2838541666666667 0.37222222222222223 0.025 0.053703703703703705
0 0.4828125 0.3680555555555556 0.013541666666666667 0.06574074074074074
1 0.36223958333333334 0.3699074074074074 0.0421875 0.09722222222222222
0 0.46640624999999997 0.3680555555555556 0.0078125 0.062037037037037036
0 0.4380208333333333 0.37083333333333335 0.009375 0.05092592592592593
0 0.5 0.3592592592592593 0.013541666666666667 0.07962962962962963
1 0.5307291666666667 0.3814814814814815 0.009375 0.03888888888888889
1 0.46171875 0.3819444444444445 0.0109375 0.04166666666666667
1 0.5221354166666666 0.38101851851851853 0.013020833333333334 0.04722222222222222
0 0.20234375 0.3893518518518519 0.0109375 0.04537037037037037
