0 0.47942708333333334 0.45601851851851855 0.0390625 0.0638888888888889
0 0.9135416666666667 0.4375 0.025 0.03425925925925926
0 0.5791666666666666 0.437962962962963 0.021875 0.037037037037037035
0 0.6354166666666666 0.42962962962962964 0.0125 0.022222222222222223
0 0.8830729166666667 0.43472222222222223 0.019270833333333334 0.032407407407407406
0 0.6434895833333333 0.42962962962962964 0.0036458333333333334 0.022222222222222223
0 0.9583333333333334 0.4439814814814815 0.030208333333333334 0.04166666666666667
0 0.51953125 0.45 0.03177083333333333 0.05185185185185186
0 0.6096354166666667 0.4351851851851852 0.0328125 0.03333333333333333
0 0.8507812499999999 0.4314814814814815 0.015104166666666667 0.024074074074074074
