0 0.10260416666666666 0.3791666666666667 0.0375 0.18425925925925926
0 0.2703125 0.37777777777777777 0.019791666666666666 0.10370370370370371
0 0.35260416666666666 0.3768518518518519 0.021875 0.12037037037037038
0 0.4830729166666667 0.3773148148148148 0.013020833333333334 0.08611111111111111
0 0.56171875 0.3763888888888889 0.011979166666666666 0.06574074074074074
0 0.4161458333333333 0.3726851851851852 0.011458333333333333 0.08055555555555556
0 0.00546875 0.3842592592592593 0.009895833333333333 0.1425925925925926
0 0.5046875 0.3731481481481482 0.009375 0.06851851851851852
0 0.3880208333333333 0.3773148148148148 0.009375 0.026851851851851852
0 0.434375 0.37777777777777777 0.005208333333333333 0.024074074074074074
