0 0.15338541666666666 0.3375 0.0390625 0.15833333333333333
4 0.32708333333333334 0.4990740740740741 0.04375 0.022222222222222223
0 0.3463541666666667 0.30972222222222223 0.035416666666666666 0.23425925925925928
1 0.5934895833333333 0.3768518518518519 0.034895833333333334 0.11296296296296297
6 0.2872395833333333 0.4935185185185185 0.4869791666666667 0.05
1 0.14166666666666666 0.37453703703703706 0.042708333333333334 0.12685185185185185
1 0.37005208333333334 0.3731481481481482 0.04635416666666667 0.12962962962962962
0 0.24739583333333334 0.33796296296296297 0.036458333333333336 0.1685185185185185
0 0.06015625 0.337037037037037 0.03697916666666667 0.16666666666666669
1 0.6166666666666667 0.37824074074074077 0.04479166666666667 0.11018518518518519
2 0.33489583333333334 0.44583333333333336 0.0625 0.08796296296296297
2 0.22447916666666667 0.4439814814814815 0.08020833333333333 0.09351851851851853
