0 0.5182291666666666 0.41620370370370374 0.009375 0.015740740740740743
0 0.7059895833333333 0.41944444444444445 0.013020833333333334 0.024074074074074074
0 0.42994791666666665 0.4310185185185185 0.024479166666666666 0.03981481481481482
0 0.66640625 0.4166666666666667 0.0046875 0.014814814814814815
0 0.5244791666666666 0.4166666666666667 0.003125 0.014814814814814815
0 0.7270833333333333 0.4226851851851852 0.016666666666666666 0.026851851851851852
0 0.6736979166666667 0.4166666666666667 0.0109375 0.016666666666666666
0 0.4510416666666667 0.4305555555555556 0.017708333333333333 0.03888888888888889
0 0.6911458333333333 0.41944444444444445 0.011458333333333333 0.022222222222222223
0 0.7997395833333333 0.42962962962962964 0.027604166666666666 0.044444444444444446
0 0.4809895833333333 0.4226851851851852 0.01614583333333333 0.026851851851851852
0 0.77265625 0.4287037037037037 0.021354166666666667 0.03888888888888889
