0 0.3731770833333333 0.4064814814814815 0.009895833333333333 0.018518518518518517
0 0.35442708333333334 0.40740740740740744 0.0078125 0.014814814814814815
0 0.3296875 0.40740740740740744 0.009375 0.011111111111111112
0 0.23046875 0.4138888888888889 0.008854166666666666 0.02592592592592593
0 0.46171875 0.41203703703703703 0.013020833333333334 0.022222222222222223
0 0.18359375 0.40740740740740744 0.009895833333333333 0.014814814814814815
0 0.32109375 0.4064814814814815 0.0067708333333333336 0.012962962962962964
0 0.24453125 0.41481481481481486 0.021354166666666667 0.02777777777777778
0 0.44036458333333334 0.412962962962963 0.011979166666666666 0.020370370370370372
0 0.21354166666666666 0.4101851851851852 0.015625 0.022222222222222223
0 0.39739583333333334 0.41064814814814815 0.011458333333333333 0.015740740740740743
