1 0.2986979166666667 0.40231481481481485 0.0067708333333333336 0.02314814814814815
1 0.07083333333333333 0.39212962962962966 0.034375 0.08611111111111111
1 0.7140625 0.3995370370370371 0.028125 0.13425925925925927
0 0.503125 0.3421296296296296 0.01875 0.04351851851851852
1 0.12057291666666667 0.39583333333333337 0.009895833333333333 0.028703703703703703
1 0.2875 0.40092592592592596 0.007291666666666667 0.02777777777777778
0 0.47265625 0.37962962962962965 0.018229166666666668 0.10370370370370371
1 0.73125 0.3995370370370371 0.04479166666666667 0.1398148148148148
1 0.37578125 0.40231481481481485 0.0171875 0.05648148148148149
0 0.4497395833333333 0.3819444444444445 0.0171875 0.09537037037037037
1 0.28098958333333335 0.40092592592592596 0.005729166666666666 0.02592592592592593
1 0.49895833333333334 0.3976851851851852 0.03125 0.10648148148148148
1 0.4427083333333333 0.4 0.026041666666666668 0.07777777777777778
0 0.5393229166666667 0.3736111111111111 0.022395833333333334 0.12685185185185185
0 0.5869791666666666 0.3462962962962963 0.028125 0.19444444444444445
1 0.08619791666666667 0.3925925925925926 0.0171875 0.06851851851851852
1 0.14244791666666667 0.3962962962962963 0.0078125 0.02592592592592593
