0 0.27578125 0.37083333333333335 0.025520833333333333 0.14351851851851852
0 0.49374999999999997 0.39722222222222225 0.021875 0.11111111111111112
0 0.6361979166666667 0.41203703703703703 0.018229166666666668 0.09444444444444444
0 0.22526041666666666 0.3662037037037037 0.021354166666666667 0.12314814814814816
0 0.434375 0.39166666666666666 0.016666666666666666 0.0962962962962963
0 0.7408854166666666 0.4199074074074074 0.0171875 0.07685185185185185
0 0.5776041666666667 0.40185185185185185 0.015625 0.07777777777777778
0 0.6791666666666667 0.41111111111111115 0.0125 0.07407407407407407
0 0.5924479166666666 0.40370370370370373 0.009895833333333333 0.020370370370370372
0 0.6200520833333333 0.40740740740740744 0.009895833333333333 0.022222222222222223
