1 0.3802083333333333 0.37777777777777777 0.020833333333333332 0.040740740740740744
0 0.52421875 0.36574074074074076 0.011979166666666666 0.044444444444444446
0 0.21171874999999998 0.3907407407407408 0.0171875 0.053703703703703705
0 0.5510416666666667 0.362962962962963 0.010416666666666666 0.05
0 0.5375 0.3615740740740741 0.008333333333333333 0.04722222222222222
1 0.5432291666666667 0.3800925925925926 0.013541666666666667 0.036111111111111115
1 0.4497395833333333 0.3763888888888889 0.024479166666666666 0.0787037037037037
0 0.29296875 0.3902777777777778 0.018229166666666668 0.05648148148148149
1 0.51953125 0.3805555555555556 0.0109375 0.02592592592592593
0 0.5859375 0.3564814814814815 0.0125 0.08148148148148149
1 0.43697916666666664 0.3712962962962963 0.026041666666666668 0.08703703703703704
0 0.56640625 0.3615740740740741 0.013020833333333334 0.04722222222222222
