0 0.9359375 0.46342592592592596 0.019791666666666666 0.08981481481481482
0 0.8908854166666667 0.47870370370370374 0.01614583333333333 0.04259259259259259
0 0.8299479166666667 0.47222222222222227 0.0109375 0.03518518518518519
1 0.7364583333333333 0.4518518518518519 0.019791666666666666 0.061111111111111116
1 0.18072916666666666 0.3976851851851852 0.04791666666666666 0.13240740740740742
1 0.7291666666666666 0.4486111111111111 0.022916666666666665 0.058333333333333334
1 0.1328125 0.4027777777777778 0.04583333333333333 0.12222222222222223
0 0.9919270833333333 0.46574074074074073 0.015104166666666667 0.10555555555555556
4 0.6895833333333333 0.44537037037037036 0.04791666666666666 0.03888888888888889
1 0.0671875 0.375 0.10625 0.2574074074074074
0 0.8515625 0.47453703703703703 0.0125 0.036111111111111115
