0 0.7479166666666667 0.3842592592592593 0.03125 0.1685185185185185
0 0.5731770833333333 0.38703703703703707 0.0234375 0.13148148148148148
0 0.35833333333333334 0.4064814814814815 0.013541666666666667 0.044444444444444446
0 0.3015625 0.40740740740740744 0.013541666666666667 0.044444444444444446
0 0.3325520833333333 0.40740740740740744 0.0140625 0.04814814814814815
1 0.1359375 0.3814814814814815 0.042708333333333334 0.11851851851851852
1 0.17630208333333333 0.3819444444444445 0.04114583333333333 0.10833333333333334
0 0.4049479166666667 0.41064814814814815 0.01614583333333333 0.05277777777777778
4 0.03463541666666667 0.3819444444444445 0.06927083333333334 0.062037037037037036
1 0.9065104166666667 0.3731481481481482 0.1046875 0.26481481481481484
0 0.4752604166666667 0.38703703703703707 0.019270833333333334 0.11296296296296297
