0 0.7083333333333334 0.3861111111111111 0.0375 0.20555555555555557
1 0.1328125 0.37083333333333335 0.0625 0.1638888888888889
1 0.9736979166666666 0.4671296296296297 0.0515625 0.14722222222222223
0 0.5348958333333333 0.40185185185185185 0.02395833333333333 0.10740740740740741
0 0.5799479166666667 0.4041666666666667 0.024479166666666666 0.12314814814814816
1 0.95078125 0.46435185185185185 0.05572916666666666 0.13055555555555556
0 0.5005208333333333 0.40231481481481485 0.017708333333333333 0.10462962962962963
0 0.6346354166666667 0.4046296296296297 0.028645833333333332 0.13518518518518519
1 0.5520833333333334 0.425462962962963 0.027083333333333334 0.08425925925925926
1 0.44166666666666665 0.41481481481481486 0.020833333333333332 0.053703703703703705
1 0.6721354166666667 0.4361111111111111 0.043229166666666666 0.11296296296296297
1 0.159375 0.38287037037037036 0.03333333333333333 0.09907407407407408
