0 0.4028645833333333 0.425462962962963 0.008854166666666666 0.019444444444444445
0 0.6122395833333333 0.4342592592592593 0.021354166666666667 0.05740740740740741
0 0.15208333333333332 0.42453703703703705 0.03958333333333333 0.05277777777777778
0 0.37135416666666665 0.425 0.0125 0.02592592592592593
0 0.3880208333333333 0.4226851851851852 0.007291666666666667 0.017592592592592594
0 0.3497395833333333 0.425 0.0140625 0.031481481481481485
0 0.32265625 0.42592592592592593 0.018229166666666668 0.04259259259259259
0 0.9018229166666667 0.5736111111111112 0.1953125 0.26944444444444443
0 0.6440104166666667 0.45046296296296295 0.043229166666666666 0.08240740740740742
0 0.284375 0.4291666666666667 0.025 0.05648148148148149
0 0.7065104166666667 0.47824074074074074 0.08177083333333333 0.12685185185185185
0 0.026302083333333334 0.43842592592592594 0.05260416666666667 0.0712962962962963
