0 0.5934895833333333 0.3888888888888889 0.009895833333333333 0.012962962962962964
0 0.6903645833333333 0.39490740740740743 0.019270833333333334 0.030555555555555558
0 0.4046875 0.4083333333333333 0.022916666666666665 0.037037037037037035
0 0.6122395833333333 0.38981481481481484 0.009895833333333333 0.020370370370370372
0 0.7140625 0.39166666666666666 0.020833333333333332 0.031481481481481485
0 0.42161458333333335 0.40601851851851856 0.008854166666666666 0.030555555555555558
0 0.6276041666666666 0.3888888888888889 0.011458333333333333 0.022222222222222223
0 0.4536458333333333 0.39305555555555555 0.00625 0.015740740740740743
0 0.6466145833333333 0.38796296296296295 0.013020833333333334 0.020370370370370372
0 0.4328125 0.40046296296296297 0.011458333333333333 0.019444444444444445
