0 0.59921875 0.3902777777777778 0.01614583333333333 0.04722222222222222
0 0.9604166666666667 0.34814814814814815 0.02395833333333333 0.10555555555555556
0 0.8783854166666667 0.36342592592592593 0.01614583333333333 0.0638888888888889
0 0.52890625 0.38981481481481484 0.0140625 0.0462962962962963
0 0.8580729166666666 0.3652777777777778 0.015104166666666667 0.05648148148148149
0 0.9270833333333334 0.3615740740740741 0.020833333333333332 0.08055555555555556
0 0.9013020833333333 0.35879629629629634 0.019270833333333334 0.06944444444444445
1 0.7591145833333334 0.37222222222222223 0.033854166666666664 0.09814814814814815
1 0.8932291666666666 0.37962962962962965 0.017708333333333333 0.04259259259259259
1 0.8572916666666667 0.3819444444444445 0.009375 0.03425925925925926
