0 0.55078125 0.3703703703703704 0.024479166666666666 0.1388888888888889
0 0.9145833333333333 0.35370370370370374 0.010416666666666666 0.07777777777777778
0 0.7763020833333333 0.39537037037037037 0.01614583333333333 0.040740740740740744
0 0.8255208333333334 0.39537037037037037 0.017708333333333333 0.044444444444444446
1 0.15234375 0.3388888888888889 0.1765625 0.5111111111111112
1 0.99296875 0.39675925925925926 0.013020833333333334 0.06018518518518519
0 0.80234375 0.3763888888888889 0.0203125 0.08981481481481482
1 0.028645833333333332 0.500925925925926 0.057291666666666664 0.2814814814814815
0 0.85390625 0.3194444444444445 0.027604166666666666 0.14444444444444446
0 0.8781249999999999 0.34953703703703703 0.016666666666666666 0.08796296296296297
0 0.8937499999999999 0.35324074074074074 0.014583333333333334 0.08240740740740742
0 0.6489583333333333 0.3731481481481482 0.022916666666666665 0.12037037037037038
1 0.8908854166666667 0.3736111111111111 0.043229166666666666 0.11944444444444445
0 0.7364583333333333 0.3740740740740741 0.026041666666666668 0.10555555555555556
0 0.44296874999999997 0.40740740740740744 0.0265625 0.08703703703703704
0 0.9049479166666666 0.35185185185185186 0.008854166666666666 0.07962962962962963
