0 0.3302083333333333 0.4310185185185185 0.004166666666666667 0.017592592592592594
0 0.15494791666666666 0.4439814814814815 0.0109375 0.025
0 0.029947916666666668 0.46481481481481485 0.0265625 0.03518518518518519
0 0.14348958333333334 0.4476851851851852 0.015104166666666667 0.025
0 0.3442708333333333 0.437962962962963 0.005208333333333333 0.03333333333333333
0 0.07552083333333333 0.4569444444444445 0.021875 0.03796296296296296
0 0.334375 0.4351851851851852 0.005208333333333333 0.024074074074074074
0 0.33932291666666664 0.4351851851851852 0.0067708333333333336 0.024074074074074074
0 0.3572916666666667 0.43842592592592594 0.022916666666666665 0.03981481481481482
0 0.10833333333333334 0.4532407407407408 0.01875 0.03425925925925926
