0 0.8716145833333333 0.34490740740740744 0.025520833333333333 0.1712962962962963
1 0.4359375 0.38287037037037036 0.010416666666666666 0.05092592592592593
0 0.2765625 0.39351851851851855 0.014583333333333334 0.05740740740740741
0 0.8067708333333333 0.36064814814814816 0.017708333333333333 0.09722222222222222
1 0.7247395833333333 0.39212962962962966 0.0234375 0.06018518518518519
0 0.20494791666666667 0.34351851851851856 0.050520833333333334 0.30185185185185187
0 0.3020833333333333 0.36203703703703705 0.028125 0.17962962962962964
1 0.8130208333333333 0.3925925925925926 0.03333333333333333 0.08148148148148149
0 0.3359375 0.3703703703703704 0.020833333333333332 0.12592592592592594
0 0.7184895833333333 0.3662037037037037 0.0109375 0.0787037037037037
1 0.46770833333333334 0.3814814814814815 0.034375 0.12222222222222223
0 0.7567708333333333 0.3703703703703704 0.013541666666666667 0.10185185185185186
0 0.6869791666666667 0.3717592592592593 0.011458333333333333 0.08611111111111111
