0 0.4205729166666667 0.41481481481481486 0.0046875 0.016666666666666666
0 0.4140625 0.4152777777777778 0.008333333333333333 0.015740740740740743
0 0.36692708333333335 0.4203703703703704 0.01614583333333333 0.022222222222222223
0 0.3848958333333333 0.4175925925925926 0.0125 0.020370370370370372
0 0.609375 0.42083333333333334 0.011458333333333333 0.028703703703703703
0 0.3984375 0.4175925925925926 0.010416666666666666 0.020370370370370372
0 0.5877604166666667 0.41620370370370374 0.013020833333333334 0.019444444444444445
0 0.6260416666666666 0.4217592592592593 0.019791666666666666 0.032407407407407406
0 0.5565104166666667 0.4138888888888889 0.009895833333333333 0.014814814814814815
0 0.3015625 0.4300925925925926 0.02395833333333333 0.036111111111111115
0 0.3255208333333333 0.4300925925925926 0.020833333333333332 0.03796296296296296
