1 0.8799479166666666 0.38842592592592595 0.0515625 0.14537037037037037
0 0.3958333333333333 0.36388888888888893 0.034375 0.21851851851851853
1 0.9205729166666666 0.39351851851851855 0.034895833333333334 0.10740740740740741
0 0.04401041666666666 0.3416666666666667 0.0671875 0.33333333333333337
0 0.5682291666666667 0.37592592592592594 0.028125 0.15185185185185185
0 0.765625 0.35879629629629634 0.015625 0.08796296296296297
0 0.6830729166666667 0.3060185185185185 0.03802083333333333 0.20277777777777778
1 0.6755208333333333 0.3689814814814815 0.07083333333333333 0.23425925925925928
0 0.7453125 0.35000000000000003 0.020833333333333332 0.10925925925925926
0 0.6260416666666666 0.40925925925925927 0.020833333333333332 0.06851851851851852
0 0.7830729166666667 0.3615740740740741 0.015104166666666667 0.07314814814814816
0 0.7223958333333333 0.34444444444444444 0.016666666666666666 0.11851851851851852
