0 0.64453125 0.4185185185185185 0.015104166666666667 0.024074074074074074
0 0.33880208333333334 0.42824074074074076 0.0234375 0.03981481481481482
0 0.43255208333333334 0.41481481481481486 0.011979166666666666 0.020370370370370372
0 0.30625 0.4277777777777778 0.028125 0.04259259259259259
0 0.67265625 0.4217592592592593 0.0171875 0.032407407407407406
0 0.6072916666666667 0.412962962962963 0.011458333333333333 0.016666666666666666
0 0.45078124999999997 0.4138888888888889 0.009895833333333333 0.018518518518518517
0 0.69375 0.4240740740740741 0.025 0.040740740740740744
0 0.4591145833333333 0.41435185185185186 0.0046875 0.019444444444444445
0 0.39453125 0.41805555555555557 0.015104166666666667 0.025
0 0.41510416666666666 0.41574074074074074 0.013541666666666667 0.02592592592592593
