0 0.7760416666666666 0.4041666666666667 0.005208333333333333 0.015740740740740743
0 0.571875 0.41574074074074074 0.016666666666666666 0.024074074074074074
0 0.5213541666666667 0.4277777777777778 0.026041666666666668 0.04259259259259259
0 0.8596354166666667 0.40694444444444444 0.021354166666666667 0.026851851851851852
0 0.8307291666666666 0.4050925925925926 0.016666666666666666 0.026851851851851852
0 0.9283854166666666 0.41250000000000003 0.030729166666666665 0.03796296296296296
0 0.54375 0.425 0.015625 0.037037037037037035
0 0.7854166666666667 0.40324074074074073 0.011458333333333333 0.015740740740740743
0 0.9713541666666666 0.4152777777777778 0.035416666666666666 0.04722222222222222
0 0.6075520833333333 0.40972222222222227 0.0109375 0.01388888888888889
0 0.8091145833333333 0.4050925925925926 0.0140625 0.02314814814814815
