0 0.4953125 0.39490740740740743 0.0125 0.02314814814814815
0 0.22682291666666665 0.4351851851851852 0.022395833333333334 0.031481481481481485
0 0.5151041666666667 0.3944444444444445 0.015625 0.024074074074074074
0 0.4588541666666667 0.39675925925925926 0.009375 0.01388888888888889
0 0.4796875 0.39675925925925926 0.010416666666666666 0.02314814814814815
0 0.11562499999999999 0.4703703703703704 0.04895833333333333 0.06666666666666667
0 0.5653645833333333 0.39583333333333337 0.022395833333333334 0.04166666666666667
0 0.16171875 0.45462962962962966 0.033854166666666664 0.05185185185185186
0 0.5963541666666666 0.3939814814814815 0.027083333333333334 0.04166666666666667
0 0.28619791666666666 0.4189814814814815 0.011979166666666666 0.017592592592592594
