0 0.5802083333333333 0.41064814814814815 0.009375 0.015740740740740743
0 0.5354166666666667 0.41435185185185186 0.014583333333333334 0.021296296296296296
0 0.80546875 0.4236111111111111 0.0234375 0.032407407407407406
0 0.7359375 0.4134259259259259 0.007291666666666667 0.01388888888888889
0 0.5520833333333334 0.41203703703703703 0.010416666666666666 0.020370370370370372
0 0.5653645833333333 0.4115740740740741 0.009895833333333333 0.019444444444444445
0 0.5 0.4203703703703704 0.016666666666666666 0.02777777777777778
0 0.7875 0.4217592592592593 0.011458333333333333 0.030555555555555558
0 0.7669270833333334 0.4175925925925926 0.01614583333333333 0.022222222222222223
0 0.47994791666666664 0.4199074074074074 0.019270833333333334 0.030555555555555558
0 0.58671875 0.41111111111111115 0.0036458333333333334 0.016666666666666666
0 0.7302083333333333 0.41250000000000003 0.003125 0.01388888888888889
