0 0.3893229166666667 0.4087962962962963 0.0109375 0.021296296296296296
0 0.35390625 0.41064814814814815 0.015104166666666667 0.021296296296296296
0 0.41562499999999997 0.40601851851851856 0.005208333333333333 0.01388888888888889
0 0.28489583333333335 0.41435185185185186 0.019791666666666666 0.032407407407407406
0 0.31015625 0.41574074074074074 0.019270833333333334 0.031481481481481485
0 0.5466145833333333 0.4101851851851852 0.0067708333333333336 0.018518518518518517
0 0.4088541666666667 0.40601851851851856 0.008333333333333333 0.01388888888888889
0 0.5697916666666667 0.41481481481481486 0.017708333333333333 0.031481481481481485
0 0.5588541666666667 0.41620370370370374 0.004166666666666667 0.025
0 0.3736979166666667 0.4087962962962963 0.011979166666666666 0.02314814814814815
0 0.5536458333333333 0.41250000000000003 0.007291666666666667 0.019444444444444445
0 0.5421875 0.4083333333333333 0.004166666666666667 0.016666666666666666
