0 0.17708333333333334 0.4537037037037037 0.051041666666666666 0.07037037037037037
0 0.44296874999999997 0.41481481481481486 0.0078125 0.022222222222222223
0 0.47942708333333334 0.41805555555555557 0.011979166666666666 0.026851851851851852
0 0.6505208333333333 0.4310185185185185 0.026041666666666668 0.04351851851851852
0 0.5028645833333333 0.4175925925925926 0.0140625 0.02592592592592593
0 0.24010416666666667 0.4328703703703704 0.026041666666666668 0.030555555555555558
0 0.60703125 0.4300925925925926 0.0234375 0.04166666666666667
0 0.26197916666666665 0.4291666666666667 0.015625 0.032407407407407406
0 0.5348958333333333 0.4203703703703704 0.01875 0.02592592592592593
0 0.45286458333333335 0.4152777777777778 0.0109375 0.019444444444444445
0 0.27578125 0.4203703703703704 0.0109375 0.020370370370370372
0 0.21328125 0.4476851851851852 0.0296875 0.058333333333333334
