0 0.37213541666666666 0.40046296296296297 0.0140625 0.04537037037037037
1 0.6682291666666667 0.38657407407407407 0.0125 0.036111111111111115
0 0.6565104166666667 0.3731481481481482 0.009895833333333333 0.05740740740740741
0 0.6419270833333334 0.3699074074074074 0.0078125 0.04166666666666667
1 0.5778645833333333 0.3791666666666667 0.025520833333333333 0.08611111111111111
1 0.5013020833333334 0.38287037037037036 0.0171875 0.049074074074074076
1 0.7354166666666666 0.3851851851851852 0.0125 0.040740740740740744
1 0.5869791666666666 0.3787037037037037 0.028125 0.08518518518518518
0 0.6919270833333333 0.3675925925925926 0.009895833333333333 0.07037037037037037
1 0.7502604166666667 0.38472222222222224 0.015104166666666667 0.03981481481481482
0 0.6736979166666667 0.3601851851851852 0.0109375 0.031481481481481485
0 0.44453125 0.3990740740740741 0.013020833333333334 0.04814814814814815
0 0.7145833333333333 0.3601851851851852 0.013541666666666667 0.08703703703703704
