0 0.16640625 0.39814814814814814 0.01614583333333333 0.05740740740740741
0 0.28072916666666664 0.38657407407407407 0.008333333333333333 0.04722222222222222
0 0.49140625 0.3611111111111111 0.011979166666666666 0.05740740740740741
0 0.27265625 0.39166666666666666 0.009895833333333333 0.04814814814814815
0 0.2591145833333333 0.3990740740740741 0.0171875 0.053703703703703705
0 0.55703125 0.36203703703703705 0.008854166666666666 0.08333333333333334
0 0.45703125 0.38657407407407407 0.009895833333333333 0.02314814814814815
1 0.41640625 0.3740740740740741 0.027604166666666666 0.08888888888888889
1 0.49140625 0.38287037037037036 0.013020833333333334 0.032407407407407406
0 0.5255208333333333 0.3625 0.0125 0.07314814814814816
0 0.28854166666666664 0.3662037037037037 0.009375 0.010185185185185186
1 0.3416666666666667 0.3787037037037037 0.017708333333333333 0.05
0 0.54140625 0.36388888888888893 0.008854166666666666 0.07962962962962963
1 0.353125 0.3773148148148148 0.015625 0.05092592592592593
0 0.5091145833333334 0.36435185185185187 0.0109375 0.06944444444444445
1 0.5169270833333334 0.38101851851851853 0.015104166666666667 0.03981481481481482
