0 0.9190104166666666 0.41805555555555557 0.018229166666666668 0.0787037037037037
0 0.6434895833333333 0.40972222222222227 0.0078125 0.06018518518518519
0 0.5421875 0.40925925925925927 0.010416666666666666 0.04814814814814815
0 0.525 0.40740740740740744 0.0125 0.05925925925925926
0 0.8953125 0.4199074074074074 0.014583333333333334 0.06944444444444445
0 0.6356770833333333 0.40925925925925927 0.008854166666666666 0.05925925925925926
0 0.76640625 0.41250000000000003 0.013020833333333334 0.06759259259259259
0 0.6856770833333333 0.41712962962962963 0.0036458333333333334 0.006481481481481482
0 0.7354166666666666 0.4175925925925926 0.004166666666666667 0.007407407407407408
0 0.7575520833333333 0.41203703703703703 0.0067708333333333336 0.07037037037037037
