0 0.4041666666666667 0.33981481481481485 0.034375 0.1851851851851852
1 0.8174479166666666 0.3912037037037037 0.049479166666666664 0.16944444444444445
1 0.5002604166666667 0.3851851851851852 0.0546875 0.1537037037037037
0 0.5013020833333334 0.3078703703703704 0.0390625 0.2564814814814815
0 0.2518229166666667 0.34074074074074073 0.0328125 0.15555555555555556
1 0.078125 0.3689814814814815 0.0375 0.08796296296296297
0 0.19140625 0.33287037037037037 0.027604166666666666 0.14537037037037037
1 0.29635416666666664 0.3731481481481482 0.040625 0.12037037037037038
0 0.32369791666666664 0.34305555555555556 0.030729166666666665 0.16944444444444445
1 0.8682291666666666 0.39675925925925926 0.06354166666666666 0.17314814814814816
