0 0.3770833333333333 0.44074074074074077 0.030208333333333334 0.04814814814814815
0 0.9736979166666666 0.45 0.0421875 0.05555555555555556
0 0.7411458333333333 0.42638888888888893 0.013541666666666667 0.025
0 0.8747395833333333 0.47500000000000003 0.0671875 0.10555555555555556
0 0.9265625 0.45601851851851855 0.03125 0.062037037037037036
0 0.53359375 0.43333333333333335 0.021354166666666667 0.03333333333333333
0 0.28854166666666664 0.437962962962963 0.03125 0.05925925925925926
0 0.6049479166666667 0.4305555555555556 0.022395833333333334 0.03888888888888889
0 0.6580729166666667 0.4291666666666667 0.0203125 0.03425925925925926
0 0.7213541666666666 0.42824074074074076 0.0125 0.02314814814814815
