1 0.8838541666666666 0.38842592592592595 0.021875 0.05462962962962963
0 0.6161458333333333 0.36712962962962964 0.009375 0.05092592592592593
0 0.5880208333333333 0.3939814814814815 0.007291666666666667 0.021296296296296296
0 0.92578125 0.3731481481481482 0.009895833333333333 0.07037037037037037
1 0.68828125 0.3893518518518519 0.015104166666666667 0.032407407407407406
0 0.9380208333333333 0.3736111111111111 0.0125 0.07685185185185185
0 0.47291666666666665 0.3837962962962963 0.011458333333333333 0.05462962962962963
1 0.4518229166666667 0.3763888888888889 0.027604166666666666 0.09351851851851853
0 0.62578125 0.3717592592592593 0.0078125 0.03981481481481482
0 0.990625 0.35000000000000003 0.017708333333333333 0.12962962962962962
0 0.9528645833333333 0.3717592592592593 0.0140625 0.0787037037037037
0 0.36223958333333334 0.3939814814814815 0.0109375 0.03796296296296296
1 0.42734374999999997 0.37453703703703706 0.03177083333333333 0.09907407407407408
0 0.5752604166666666 0.3837962962962963 0.009895833333333333 0.04537037037037037
1 0.6606770833333333 0.3856481481481482 0.015104166666666667 0.03981481481481482
1 0.8557291666666667 0.38981481481481484 0.015625 0.037037037037037035
1 0.9861979166666667 0.38796296296296295 0.0265625 0.06851851851851852
0 0.9682291666666667 0.36944444444444446 0.014583333333333334 0.08703703703703704
0 0.6419270833333334 0.37222222222222223 0.0067708333333333336 0.037037037037037035
1 0.6109375 0.3824074074074074 0.016666666666666666 0.05185185185185186
0 0.63359375 0.3740740740740741 0.0067708333333333336 0.03888888888888889
0 0.5104166666666666 0.3814814814814815 0.009375 0.053703703703703705
0 0.5466145833333333 0.3819444444444445 0.008854166666666666 0.05277777777777778
0 0.3455729166666667 0.39351851851851855 0.015104166666666667 0.04259259259259259
0 0.6033854166666667 0.35370370370370374 0.0109375 0.07222222222222223
1 0.8182291666666667 0.39166666666666666 0.008333333333333333 0.020370370370370372
1 0.7015625 0.3888888888888889 0.00625 0.018518518518518517
