0 0.7106770833333333 0.39305555555555555 0.011979166666666666 0.026851851851851852
0 0.609375 0.4 0.03229166666666666 0.17407407407407408
0 0.7463541666666667 0.39351851851851855 0.011458333333333333 0.02777777777777778
0 0.20989583333333334 0.3842592592592593 0.02395833333333333 0.18888888888888888
0 0.8794270833333333 0.39722222222222225 0.0171875 0.10555555555555556
0 0.8403645833333333 0.4013888888888889 0.030729166666666665 0.14722222222222223
0 0.51953125 0.3902777777777778 0.0203125 0.13611111111111113
0 0.23854166666666665 0.3861111111111111 0.041666666666666664 0.24074074074074076
0 0.7278645833333334 0.39305555555555555 0.0203125 0.11574074074074074
0 0.9916666666666667 0.4078703703703704 0.011458333333333333 0.11574074074074074
