1 0.9856770833333334 0.4087962962962963 0.027604166666666666 0.10462962962962963
1 0.5309895833333333 0.3902777777777778 0.0453125 0.14166666666666666
1 0.47604166666666664 0.3995370370370371 0.007291666666666667 0.019444444444444445
1 0.8791666666666667 0.41203703703703703 0.026041666666666668 0.06851851851851852
0 0.8278645833333333 0.38842592592592595 0.018229166666666668 0.10277777777777779
1 0.6065104166666666 0.4041666666666667 0.015104166666666667 0.028703703703703703
0 0.14895833333333333 0.34444444444444444 0.06354166666666666 0.3425925925925926
1 0.5671875 0.3962962962962963 0.028125 0.08888888888888889
0 0.41484375 0.40972222222222227 0.009895833333333333 0.06018518518518519
0 0.39869791666666665 0.3842592592592593 0.022395833333333334 0.12592592592592594
0 0.9174479166666667 0.3824074074074074 0.028645833333333332 0.11851851851851852
0 0.8666666666666667 0.3875 0.027083333333333334 0.10277777777777779
0 0.98203125 0.3814814814814815 0.034895833333333334 0.13518518518518519
0 0.33203125 0.3712962962962963 0.033854166666666664 0.19074074074074074
1 0.7625 0.4078703703703704 0.019791666666666666 0.05277777777777778
