0 0.6151041666666667 0.41944444444444445 0.011458333333333333 0.037037037037037035
1 0.47890625 0.3912037037037037 0.018229166666666668 0.05648148148148149
0 0.6588541666666666 0.4050925925925926 0.014583333333333334 0.0787037037037037
0 0.5734375 0.41064814814814815 0.007291666666666667 0.03425925925925926
0 0.8216145833333334 0.4217592592592593 0.0234375 0.11944444444444445
0 0.5544270833333333 0.40972222222222227 0.008854166666666666 0.032407407407407406
0 0.71640625 0.40925925925925927 0.018229166666666668 0.09074074074074075
0 0.5932291666666667 0.4138888888888889 0.007291666666666667 0.031481481481481485
1 0.8177083333333334 0.4152777777777778 0.05520833333333333 0.1527777777777778
4 0.4044270833333333 0.3842592592592593 0.043229166666666666 0.037037037037037035
1 0.4666666666666667 0.39305555555555555 0.016666666666666666 0.06018518518518519
