1 0.6981770833333333 0.3893518518518519 0.01614583333333333 0.04537037037037037
1 0.5111979166666667 0.3939814814814815 0.01614583333333333 0.06018518518518519
0 0.3953125 0.40601851851851856 0.009375 0.03981481481481482
0 0.37864583333333335 0.3907407407407408 0.015625 0.07962962962962963
1 0.80625 0.37962962962962965 0.026041666666666668 0.07222222222222223
0 0.8973958333333333 0.32916666666666666 0.03125 0.1638888888888889
1 0.59921875 0.3907407407407408 0.0078125 0.02962962962962963
0 0.8166666666666667 0.36342592592592593 0.019791666666666666 0.11018518518518519
0 0.32916666666666666 0.3875 0.01875 0.10277777777777779
0 0.8505208333333333 0.3564814814814815 0.026041666666666668 0.10925925925925926
0 0.7861979166666666 0.36064814814814816 0.015104166666666667 0.08055555555555556
1 0.61015625 0.3888888888888889 0.0109375 0.03518518518518519
1 0.5268229166666667 0.3939814814814815 0.0140625 0.05277777777777778
0 0.4119791666666667 0.3439814814814815 0.02395833333333333 0.11203703703703705
1 0.9861979166666667 0.3703703703703704 0.0265625 0.0962962962962963
0 0.7619791666666667 0.3541666666666667 0.017708333333333333 0.0638888888888889
0 0.12447916666666667 0.3837962962962963 0.0375 0.1824074074074074
0 0.35494791666666664 0.4087962962962963 0.011979166666666666 0.036111111111111115
0 0.24635416666666665 0.38657407407407407 0.025 0.13240740740740742
1 0.7638020833333333 0.38703703703703707 0.021354166666666667 0.053703703703703705
1 0.44921875 0.38703703703703707 0.025520833333333333 0.08518518518518518
0 0.42994791666666665 0.35555555555555557 0.008854166666666666 0.07592592592592592
