1 0.61328125 0.38287037037037036 0.024479166666666666 0.08796296296296297
1 0.1203125 0.3768518518518519 0.03333333333333333 0.08703703703703704
0 0.53984375 0.3458333333333333 0.021354166666666667 0.14537037037037037
1 0.14244791666666667 0.38472222222222224 0.018229166666666668 0.05648148148148149
0 0.5049479166666666 0.3666666666666667 0.0171875 0.10370370370370371
0 0.47630208333333335 0.35555555555555557 0.015104166666666667 0.06296296296296297
1 0.5885416666666666 0.38472222222222224 0.02395833333333333 0.08425925925925926
1 0.42526041666666664 0.3893518518518519 0.0171875 0.05092592592592593
1 0.15833333333333333 0.38101851851851853 0.020833333333333332 0.062037037037037036
1 0.00703125 0.40555555555555556 0.013020833333333334 0.06296296296296297
1 0.46875 0.3851851851851852 0.020833333333333332 0.06666666666666667
0 0.4315104166666667 0.36203703703703705 0.0140625 0.06481481481481481
0 0.45078124999999997 0.3703703703703704 0.0140625 0.08148148148148149
