1 0.02109375 0.4013888888888889 0.03802083333333333 0.09907407407407408
0 0.4049479166666667 0.3875 0.01614583333333333 0.09537037037037037
1 0.29322916666666665 0.4203703703703704 0.010416666666666666 0.022222222222222223
1 0.19973958333333333 0.41574074074074074 0.015104166666666667 0.024074074074074074
1 0.16875 0.4083333333333333 0.014583333333333334 0.024074074074074074
0 0.46640624999999997 0.3666666666666667 0.019270833333333334 0.14074074074074075
0 0.3572916666666667 0.3856481481481482 0.014583333333333334 0.0712962962962963
0 0.4315104166666667 0.38703703703703707 0.0171875 0.1
1 0.3559895833333333 0.40740740740740744 0.01614583333333333 0.04259259259259259
1 0.5315104166666667 0.3990740740740741 0.03177083333333333 0.08703703703703704
0 0.37890625 0.3861111111111111 0.013020833333333334 0.08703703703703704
1 0.05807291666666667 0.40555555555555556 0.030729166666666665 0.07407407407407407
1 0.396875 0.4078703703703704 0.020833333333333332 0.06944444444444445
