0 0.7067708333333333 0.3717592592592593 0.017708333333333333 0.08425925925925926
1 0.4903645833333333 0.3939814814814815 0.0265625 0.04722222222222222
0 0.6338541666666666 0.38472222222222224 0.007291666666666667 0.05092592592592593
1 0.63671875 0.39675925925925926 0.0109375 0.03425925925925926
0 0.3338541666666667 0.4046296296296297 0.014583333333333334 0.05185185185185186
0 0.68359375 0.38287037037037036 0.0171875 0.0638888888888889
0 0.6481770833333333 0.3851851851851852 0.009895833333333333 0.053703703703703705
1 0.6638020833333333 0.39861111111111114 0.018229166666666668 0.036111111111111115
1 0.5559895833333334 0.3861111111111111 0.03177083333333333 0.09444444444444444
1 0.73359375 0.39583333333333337 0.01614583333333333 0.049074074074074076
0 0.40963541666666664 0.40925925925925927 0.013020833333333334 0.05
0 0.4236979166666667 0.40555555555555556 0.009895833333333333 0.03888888888888889
1 0.7408854166666666 0.39814814814814814 0.018229166666666668 0.05
1 0.5513020833333333 0.38981481481481484 0.0265625 0.09074074074074075
0 0.6640625 0.38657407407407407 0.009375 0.05462962962962963
