0 0.3768229166666667 0.4337962962962963 0.025520833333333333 0.036111111111111115
0 0.48984374999999997 0.4240740740740741 0.0140625 0.022222222222222223
0 0.42213541666666665 0.42453703703703705 0.018229166666666668 0.032407407407407406
0 0.5015625 0.425 0.008333333333333333 0.024074074074074074
0 0.17317708333333334 0.4430555555555556 0.043229166666666666 0.06018518518518519
0 0.25546875 0.4462962962962963 0.034895833333333334 0.0462962962962963
0 0.70234375 0.43703703703703706 0.021354166666666667 0.04259259259259259
0 0.7453125 0.4537037037037037 0.03958333333333333 0.06851851851851852
0 0.45416666666666666 0.425462962962963 0.015625 0.026851851851851852
0 0.6760416666666667 0.4287037037037037 0.005208333333333333 0.014814814814814815
0 0.7190104166666667 0.44722222222222224 0.008854166666666666 0.04814814814814815
