0 0.47265625 0.4217592592592593 0.013020833333333334 0.02314814814814815
0 0.7916666666666666 0.4550925925925926 0.042708333333333334 0.06944444444444445
0 0.6799479166666667 0.42592592592592593 0.0171875 0.020370370370370372
0 0.8455729166666667 0.4671296296296297 0.0609375 0.08611111111111111
0 0.43307291666666664 0.43194444444444446 0.0171875 0.03425925925925926
0 0.0203125 0.46111111111111114 0.040625 0.0925925925925926
0 0.48385416666666664 0.4217592592592593 0.010416666666666666 0.025
0 0.15078125 0.45416666666666666 0.0484375 0.0638888888888889
0 0.39479166666666665 0.42962962962962964 0.019791666666666666 0.0462962962962963
0 0.3359375 0.4314814814814815 0.028125 0.0462962962962963
0 0.73046875 0.4375 0.028645833333333332 0.03425925925925926
