0 0.7184895833333333 0.3458333333333333 0.0171875 0.11018518518518519
0 0.1015625 0.42962962962962964 0.041666666666666664 0.12037037037037038
1 0.6315104166666666 0.38101851851851853 0.013020833333333334 0.04351851851851852
0 0.38255208333333335 0.38842592592592595 0.01614583333333333 0.0712962962962963
1 0.45390625 0.38842592592592595 0.019270833333333334 0.06018518518518519
0 0.6419270833333334 0.36712962962962964 0.013020833333333334 0.06759259259259259
1 0.5729166666666666 0.3662037037037037 0.04791666666666666 0.19166666666666668
0 0.6893229166666667 0.3625 0.0140625 0.07685185185185185
0 0.36666666666666664 0.3912037037037037 0.013541666666666667 0.07685185185185185
0 0.27630208333333334 0.4226851851851852 0.04114583333333333 0.11574074074074074
0 0.6638020833333333 0.3648148148148148 0.0140625 0.06666666666666667
1 0.6705729166666666 0.3800925925925926 0.018229166666666668 0.049074074074074076
1 0.4421875 0.3893518518518519 0.013541666666666667 0.03981481481481482
1 0.6091145833333333 0.35879629629629634 0.07135416666666666 0.22314814814814815
1 0.7763020833333333 0.375462962962963 0.0234375 0.058333333333333334
1 0.4669270833333333 0.38796296296296295 0.015104166666666667 0.0462962962962963
