0 0.6609375 0.4027777777777778 0.005208333333333333 0.031481481481481485
0 0.5091145833333334 0.39814814814814814 0.0046875 0.031481481481481485
0 0.671875 0.40370370370370373 0.005208333333333333 0.031481481481481485
0 0.5315104166666667 0.40324074074074073 0.0026041666666666665 0.006481481481481482
0 0.5591145833333333 0.4 0.0046875 0.031481481481481485
0 0.5635416666666666 0.4 0.004166666666666667 0.02962962962962963
0 0.49765624999999997 0.4013888888888889 0.0046875 0.008333333333333333
0 0.6091145833333333 0.4013888888888889 0.0046875 0.030555555555555558
0 0.6174479166666667 0.40185185185185185 0.0046875 0.02962962962962963
0 0.50625 0.3976851851851852 0.003125 0.030555555555555558
