0 0.6078125 0.3703703703703704 0.009375 0.053703703703703705
0 0.2856770833333333 0.39814814814814814 0.013020833333333334 0.053703703703703705
1 0.5927083333333333 0.3907407407407408 0.008333333333333333 0.022222222222222223
1 0.61640625 0.3888888888888889 0.009895833333333333 0.02962962962962963
0 0.5924479166666666 0.37083333333333335 0.0078125 0.04351851851851852
0 0.6630208333333333 0.36203703703703705 0.011458333333333333 0.07962962962962963
1 0.51953125 0.3805555555555556 0.03177083333333333 0.09074074074074075
0 0.6239583333333333 0.37083333333333335 0.008333333333333333 0.062037037037037036
0 0.6424479166666667 0.3680555555555556 0.0109375 0.06574074074074074
0 0.36744791666666665 0.4 0.0140625 0.05
