0 0.5111979166666667 0.4185185185185185 0.013020833333333334 0.02592592592592593
0 0.45390625 0.42638888888888893 0.015104166666666667 0.028703703703703703
0 0.7763020833333333 0.43703703703703706 0.0328125 0.05
0 0.7536458333333333 0.4356481481481482 0.011458333333333333 0.04166666666666667
0 0.7390625 0.42592592592592593 0.015625 0.02777777777777778
0 0.7153645833333333 0.4199074074074074 0.008854166666666666 0.019444444444444445
0 0.5390625 0.41712962962962963 0.010416666666666666 0.019444444444444445
0 0.5481770833333334 0.41620370370370374 0.008854166666666666 0.019444444444444445
0 0.48802083333333335 0.4175925925925926 0.015625 0.024074074074074074
0 0.3263020833333333 0.4337962962962963 0.0296875 0.04722222222222222
0 0.3736979166666667 0.4314814814814815 0.0234375 0.040740740740740744
