1 0.44140625 0.38333333333333336 0.025520833333333333 0.07407407407407407
0 0.553125 0.3601851851851852 0.010416666666666666 0.08333333333333334
0 0.4861979166666667 0.3685185185185185 0.009895833333333333 0.05
1 0.43046875 0.3773148148148148 0.028645833333333332 0.08981481481481482
0 0.53359375 0.3689814814814815 0.0109375 0.06018518518518519
1 0.5723958333333333 0.38472222222222224 0.011458333333333333 0.03796296296296296
1 0.4861979166666667 0.38657407407407407 0.008854166666666666 0.032407407407407406
0 0.5 0.3685185185185185 0.010416666666666666 0.05925925925925926
1 0.5854166666666667 0.3861111111111111 0.0125 0.03333333333333333
1 0.5143229166666666 0.3824074074074074 0.011979166666666666 0.03888888888888889
0 0.18697916666666667 0.40185185185185185 0.01875 0.053703703703703705
0 0.51640625 0.3689814814814815 0.009895833333333333 0.06018518518518519
0 0.2786458333333333 0.3962962962962963 0.021875 0.05925925925925926
1 0.34661458333333334 0.3819444444444445 0.0203125 0.05462962962962963
