0 0.69375 0.375462962962963 0.0125 0.0787037037037037
0 0.6763020833333333 0.37222222222222223 0.0140625 0.06851851851851852
1 0.6643229166666667 0.39305555555555555 0.01614583333333333 0.03796296296296296
0 0.3255208333333333 0.3763888888888889 0.013541666666666667 0.07685185185185185
0 0.3958333333333333 0.3574074074074074 0.008333333333333333 0.05925925925925926
1 0.41328125 0.3791666666666667 0.022395833333333334 0.06944444444444445
1 0.6919270833333333 0.39305555555555555 0.0203125 0.04722222222222222
0 0.7622395833333333 0.3527777777777778 0.0234375 0.1277777777777778
1 0.17109375 0.35185185185185186 0.0984375 0.28703703703703703
0 0.35885416666666664 0.37962962962962965 0.011458333333333333 0.06296296296296297
1 0.4627604166666667 0.38796296296296295 0.015104166666666667 0.044444444444444446
0 0.7111979166666667 0.3731481481481482 0.0140625 0.08518518518518518
1 0.5565104166666667 0.3912037037037037 0.0078125 0.02314814814814815
0 0.7348958333333333 0.3703703703703704 0.017708333333333333 0.08703703703703704
1 0.20390624999999998 0.36203703703703705 0.07447916666666667 0.2537037037037037
1 0.4765625 0.38981481481481484 0.0125 0.037037037037037035
1 0.8044270833333333 0.39305555555555555 0.03177083333333333 0.062037037037037036
0 0.3841145833333333 0.33981481481481485 0.0140625 0.1
0 0.275 0.37453703703703706 0.016666666666666666 0.09166666666666667
1 0.5661458333333333 0.3907407407407408 0.010416666666666666 0.020370370370370372
