1 0.4640625 0.3856481481481482 0.0125 0.036111111111111115
0 0.19427083333333334 0.3939814814814815 0.022916666666666665 0.06944444444444445
1 0.4393229166666667 0.38472222222222224 0.0109375 0.03425925925925926
1 0.2973958333333333 0.3791666666666667 0.014583333333333334 0.04537037037037037
0 0.4393229166666667 0.35879629629629634 0.008854166666666666 0.026851851851851852
0 0.5036458333333333 0.36064814814814816 0.011458333333333333 0.08425925925925926
1 0.36432291666666666 0.3791666666666667 0.033854166666666664 0.08796296296296297
0 0.45286458333333335 0.3717592592592593 0.009895833333333333 0.05462962962962963
0 0.46875 0.3652777777777778 0.009375 0.04537037037037037
0 0.21640625 0.38703703703703707 0.009895833333333333 0.04814814814814815
0 0.48541666666666666 0.3712962962962963 0.010416666666666666 0.061111111111111116
0 0.08958333333333333 0.3939814814814815 0.021875 0.06944444444444445
0 0.20807291666666666 0.38981481481481484 0.009895833333333333 0.05185185185185186
