0 0.20260416666666667 0.41481481481481486 0.026041666666666668 0.03518518518518519
0 0.54921875 0.4175925925925926 0.018229166666666668 0.02777777777777778
0 0.2984375 0.4083333333333333 0.0125 0.024074074074074074
0 0.31354166666666666 0.40740740740740744 0.011458333333333333 0.022222222222222223
0 0.33177083333333335 0.4050925925925926 0.011458333333333333 0.017592592592592594
0 0.2796875 0.40925925925925927 0.016666666666666666 0.022222222222222223
0 0.23229166666666667 0.4152777777777778 0.021875 0.032407407407407406
0 0.5328125 0.41620370370370374 0.011458333333333333 0.025
0 0.51328125 0.41064814814814815 0.013020833333333334 0.019444444444444445
0 0.48151041666666666 0.4078703703703704 0.009895833333333333 0.015740740740740743
