1 0.8736979166666666 0.38842592592592595 0.025520833333333333 0.026851851851851852
1 0.8098958333333334 0.3837962962962963 0.03229166666666666 0.09722222222222222
0 0.3598958333333333 0.4185185185185185 0.019791666666666666 0.06851851851851852
0 0.6783854166666666 0.350462962962963 0.011979166666666666 0.10277777777777779
0 0.6333333333333333 0.4064814814814815 0.010416666666666666 0.05555555555555556
0 0.42473958333333334 0.3726851851851852 0.043229166666666666 0.25092592592592594
0 0.5552083333333333 0.37777777777777777 0.028125 0.1685185185185185
1 0.7752604166666667 0.38981481481481484 0.01614583333333333 0.06296296296296297
0 0.6177083333333333 0.3837962962962963 0.020833333333333332 0.11944444444444445
0 0.5760416666666667 0.4087962962962963 0.014583333333333334 0.05277777777777778
0 0.140625 0.36064814814814816 0.08125 0.44907407407407407
1 0.75546875 0.3814814814814815 0.05260416666666667 0.15185185185185185
