0 0.7921875 0.39583333333333337 0.008333333333333333 0.017592592592592594
0 0.684375 0.4046296296296297 0.026041666666666668 0.05555555555555556
0 0.7166666666666667 0.40555555555555556 0.022916666666666665 0.05
0 0.4979166666666667 0.4342592592592593 0.04791666666666666 0.07962962962962963
0 0.3450520833333333 0.45787037037037037 0.06302083333333333 0.09722222222222222
0 0.7416666666666667 0.40324074074074073 0.019791666666666666 0.04166666666666667
0 0.7786458333333334 0.3990740740740741 0.011458333333333333 0.020370370370370372
0 0.6447916666666667 0.4087962962962963 0.030208333333333334 0.058333333333333334
0 0.5846354166666666 0.41435185185185186 0.034895833333333334 0.058333333333333334
0 0.04921875 0.5069444444444444 0.09322916666666667 0.14537037037037037
0 0.7625 0.40046296296296297 0.015625 0.030555555555555558
