0 0.5260416666666666 0.3731481481481482 0.011458333333333333 0.07777777777777778
1 0.4786458333333333 0.3962962962962963 0.011458333333333333 0.02962962962962963
0 0.2703125 0.3902777777777778 0.008333333333333333 0.04537037037037037
0 0.26197916666666665 0.3939814814814815 0.008333333333333333 0.04537037037037037
0 0.5453125 0.3712962962962963 0.013541666666666667 0.08148148148148149
0 0.15416666666666667 0.39722222222222225 0.015625 0.05
1 0.5046875 0.3939814814814815 0.011458333333333333 0.03425925925925926
1 0.34270833333333334 0.3907407407407408 0.016666666666666666 0.04259259259259259
0 0.2505208333333333 0.3990740740740741 0.014583333333333334 0.04814814814814815
0 0.5088541666666666 0.36944444444444446 0.010416666666666666 0.05740740740740741
1 0.4088541666666667 0.3861111111111111 0.034375 0.09444444444444444
0 0.47994791666666664 0.37222222222222223 0.008854166666666666 0.05555555555555556
0 0.4934895833333333 0.375462962962963 0.0109375 0.0712962962962963
1 0.45703125 0.39212962962962966 0.0140625 0.036111111111111115
0 0.27760416666666665 0.375 0.008333333333333333 0.018518518518518517
